660065
660064
660063
660062
660061
690010
690009
690008
690007
690006
690005
690004
690003
690002
690001
690011
750006
750005
750004
750003
750002
750001
810018
810017
810016
810015
810014
810013
810012
810011
810010
810009
810008
840030
840029
840028
840027
840026
840025
840024
840023
840022
840021
840020
840019
840018
840017
840016
840015
840014
900055
900054
900053
900052
900051
900050
900049
900048
900047
900046
900045
900044
900043
900042
900041
900040
900039
990018
990017
990016
990015
990014
990013
990012
990011
990010
990009
990008
990007
990006
990005
990004
990003
990002
1020018
1020017
1020016
1020015
1020014
1020013
1020012
1020011
1020010
1020009
1020008
1020007
1020006
1020005
1020004
1020003
1020002
4784976946735563306
2781280132931771176
3597428827311656654
5015418978650891585
5766328308186078802
2562124934994982155
7022617378395745750
7929167612007097088
